image_width: 640
image_height: 480
camera_name: DXA-motorized_mount
camera_matrix:
  rows: 3
  cols: 3
  data: [518.0679, 0, 354.9334, 0, 516.7520, 239.6250, 0, 0, 1]
distortion_model: plumb_bob
distortion_coefficients:
  rows: 1
  cols: 5
  data: [-0.3956, 0.1708, 0.0015, 0.0002, 0.0]
rectification_matrix:
  rows: 3
  cols: 3
  data: [1, 0, 0, 0, 1, 0, 0, 0, 1]
projection_matrix:
  rows: 3
  cols: 4
  data: [518.0679, 0, 354.9334, 0, 0, 516.7520, 239.6250, 0, 0, 0, 1, 0]
